GaussianBayes Report 
Best Parameter{}
Training Set Result) 
Confusion Matrix: [[[114  75]
  [ 14 109]]

 [[152  46]
  [ 69  45]]

 [[155  91]
  [  2  64]]

 [[207  30]
  [ 47  28]]

 [[271  13]
  [ 23   5]]

 [[ 21 217]
  [  0  74]]

 [[202  27]
  [ 61  22]]

 [[209  44]
  [ 33  26]]

 [[ 63 214]
  [  0  35]]

 [[236  40]
  [ 21  15]]]
Accuracy: 0.6580128205128205
Macro Precision: 0.3748329640761816
Macro Recall: 0.592492230922783
Macro F1: 0.40848143298940665
Hamming Loss: 0.3419871794871795
Test Set Result) 
Confusion Matrix: [[[28 18]
  [ 4 29]]

 [[49 11]
  [13  6]]

 [[45 14]
  [ 2 18]]

 [[59  5]
  [13  2]]

 [[73  2]
  [ 3  1]]

 [[ 8 54]
  [ 2 15]]

 [[47  8]
  [16  8]]

 [[51 10]
  [11  7]]

 [[19 48]
  [ 2 10]]

 [[67  6]
  [ 4  2]]]
Accuracy: 0.6886075949367089
Macro Precision: 0.37030798754475797
Macro Recall: 0.5249152515870781
Macro F1: 0.39384392739043905
Hamming Loss: 0.31139240506329113
