Dummy Report 
Best Parameter{}
Training Set Result) 
Confusion Matrix: [[[106  83]
  [ 75  48]]

 [[140  58]
  [ 77  37]]

 [[188  58]
  [ 47  19]]

 [[177  60]
  [ 62  13]]

 [[259  25]
  [ 24   4]]

 [[179  59]
  [ 57  17]]

 [[178  51]
  [ 62  21]]

 [[205  48]
  [ 52   7]]

 [[240  37]
  [ 30   5]]

 [[254  22]
  [ 31   5]]]
Accuracy: 0.6737179487179487
Macro Precision: 0.22655087796663254
Macro Recall: 0.22020064474822032
Macro F1: 0.22228222749006674
Hamming Loss: 0.3262820512820513
Test Set Result) 
Confusion Matrix: [[[32 14]
  [22 11]]

 [[38 22]
  [13  6]]

 [[47 12]
  [10 10]]

 [[44 20]
  [12  3]]

 [[66  9]
  [ 4  0]]

 [[45 17]
  [14  3]]

 [[43 12]
  [17  7]]

 [[52  9]
  [11  7]]

 [[57 10]
  [11  1]]

 [[63 10]
  [ 5  1]]]
Accuracy: 0.6784810126582279
Macro Precision: 0.23770051858896252
Macro Recall: 0.24561489508083936
Macro F1: 0.23728265507523502
Hamming Loss: 0.32151898734177214
